1513702575.0658507	0.8381805419921875	5000	5.6694312	0.56599998	0.6051873	0.7241379	210.0	137.0	80.0
1513702576.2370887	2.0094187259674072	10000	4.0423765	0.574	0.6214605	0.70797962	417.0	254.0	172.0
1513702577.53332	3.305649518966675	15000	2.8598905	0.588	0.63174272	0.69839448	609.0	355.0	263.0
1513702578.6659448	4.438274383544922	20000	2.0675945	0.60000002	0.64616615	0.69382507	809.0	443.0	357.0
1513702579.7971227	5.5694520473480225	25000	1.7556835	0.60839999	0.65544552	0.68482757	993.0	522.0	457.0
1513702580.927973	6.7003021240234375	30000	1.5358192	0.61400002	0.66208792	0.68935925	1205.0	615.0	543.0
1513702582.0790768	7.85140585899353	35000	1.2728447	0.6242857	0.67447305	0.69902915	1440.0	695.0	620.0
1513702583.2226007	8.994929790496826	40000	1.1999948	0.625	0.67398506	0.69529915	1627.0	787.0	713.0
1513702584.4059744	10.178303241729736	45000	1.0273535	0.62599999	0.67876786	0.69638824	1851.0	876.0	807.0
1513702585.571294	11.343623161315918	50000	0.97519946	0.63380003	0.68336606	0.70721787	2087.0	967.0	864.0
1513702586.7296717	12.502000093460083	55000	0.9138267	0.63599998	0.68577367	0.70980632	2309.0	1058.0	944.0
1513702587.8626893	13.635019063949585	60000	0.82119203	0.63466668	0.68321127	0.7109794	2519.0	1168.0	1024.0
1513702588.999439	14.771767616271973	65000	0.80033165	0.6366154	0.68452531	0.71480614	2747.0	1266.0	1096.0
1513702590.1358771	15.908209562301636	70000	0.74560821	0.63771427	0.68395573	0.71805423	2967.0	1371.0	1165.0
1513702591.313589	17.08591890335083	75000	0.70995957	0.64293331	0.68672639	0.72673893	3218.0	1468.0	1210.0
1513702592.4684863	18.24081587791443	80000	0.64164031	0.64424998	0.68416882	0.73390013	3453.0	1594.0	1252.0
1513702593.802878	19.575206995010376	85000	0.66407728	0.64588237	0.68256611	0.74062186	3692.0	1717.0	1293.0
1513702594.9401255	20.71245527267456	90000	0.64765143	0.6492222	0.68244064	0.74819458	3937.0	1832.0	1325.0
1513702596.108043	21.880372524261475	95000	0.62384027	0.65136844	0.68152243	0.75577199	4190.0	1958.0	1354.0
1513702597.23729	23.009618759155273	100000	0.62422329	0.65310001	0.68106616	0.76221496	4446.0	2082.0	1387.0
1513702598.431993	24.204322338104248	105000	0.61659688	0.65390474	0.68002892	0.76755965	4699.0	2211.0	1423.0
1513702599.5887284	25.361058712005615	110000	0.61571389	0.65636367	0.68037283	0.77417344	4964.0	2332.0	1448.0
1513702600.7523794	26.52470874786377	115000	0.60854197	0.65791303	0.68089539	0.77926719	5232.0	2452.0	1482.0
1513702601.8862133	27.65854263305664	120000	0.58444685	0.66041666	0.68106973	0.78585714	5501.0	2576.0	1499.0
1513702603.0751565	28.847485780715942	125000	0.60383767	0.66232002	0.68089384	0.79096276	5759.0	2699.0	1522.0
1513702604.2292438	30.001572847366333	130000	0.57689846	0.66615385	0.68325227	0.79699248	6042.0	2801.0	1539.0
1513702605.3771756	31.149521112442017	135000	0.58544517	0.66792595	0.68357855	0.80220896	6319.0	2925.0	1558.0
1513702606.514842	32.28717064857483	140000	0.57449228	0.6695714	0.6844449	0.8071568	6609.0	3047.0	1579.0
1513702607.6503897	33.42271876335144	145000	0.56937879	0.67248273	0.68591589	0.81283861	6901.0	3160.0	1589.0
1513702608.802124	34.57445549964905	150000	0.57609242	0.67360002	0.68488437	0.8177048	7168.0	3298.0	1598.0
1513702610.1126254	35.884955167770386	155000	0.5754782	0.67458063	0.68468052	0.8212235	7437.0	3425.0	1619.0
1513702611.2836754	37.056004762649536	160000	0.57169378	0.676	0.68464953	0.82559383	7716.0	3554.0	1630.0
1513702612.4263046	38.19863414764404	165000	0.5676564	0.67745453	0.68403465	0.82998854	7982.0	3687.0	1635.0
1513702613.567412	39.339741230010986	170000	0.57189661	0.67894119	0.68448979	0.83328289	8257.0	3806.0	1652.0
1513702614.718744	40.4910728931427	175000	0.56226617	0.67897141	0.6828897	0.83664048	8517.0	3955.0	1663.0
1513702615.877698	41.65002751350403	180000	0.55165476	0.68011111	0.68355709	0.83983219	8809.0	4078.0	1680.0
1513702617.1760187	42.94835138320923	185000	0.57189542	0.68118918	0.68396509	0.84281743	9094.0	4202.0	1696.0
<EXPERIMENT_COMPLETED>